31 2 12 20 9 2019 Насморк 70
30 11 10 20 9 2019 Инсульт 70
29 12 2 11 11 2019 Здоров 0
28 7 2 11 11 2019 Здоров 0
27 13 2 11 11 2019 Здоров 0
26 10 10 7 2 2000 Кариес 40
25 15 7 27 11 2011 Травма 68
24 5 5 20 9 2019 Гайморит 70
23 6 9 2 9 2013 Бешенство 35
22 6 3 1 1 2020 Грипп 70
21 6 16 28 10 2000 Гастрит 80
20 5 8 17 10 2015 Грипп 60
19 11 14 25 1 2010 Инсульт 70
18 10 7 27 3 2011 Кариес 40
17 2 1 24 11 2008 Грипп 60
16 11 15 13 4 2019 Аритмия 36
15 5 7 28 12 2010 Грипп 70
14 2 13 21 11 1996 Цистит 50
13 6 3 19 9 2007 Герпес 5
12 2 15 16 7 1986 Насморк 10
11 10 17 20 10 2005 Кариес 40
9 3 4 15 12 2019 Грипп 60
8 3 4 9 1 2020 Насморк 10
7 3 6 15 8 2015 Здоров 0
6 1 5 9 5 2020 Здоров 0
4 1 9 20 10 2019 Травма 60
2 1 17 9 5 2020 Травма 100
1 10 14 27 6 1991 Кариес 40
3 1 3 1 11 2002 Травма 600
5 1 11 9 5 2005 Травма 10
32 3 6 5 12 206 Здоров 0
